#created by ...
#main
95440946
95440946
77150143
31755044
31755044
4145852
78872731
23434538
23434538
23434538
73642296
14558127
14558127
14558127
68829754
8267140
8267140
31434645
31434645
57103969
57103969
57103969
38761908
38761908
20612097
20612097
20612097
93191801
93191801
20590515
20590515
20590515
5851097
59305593
59305593
61740673
82732705
41420027
41420027
56984514
#extra
90448279
26096328
56910167
39317553
73964868
48905153
74393852
74393852
11510448
11510448
14970113
41375811
41375811
26973555
65305468
!side
27204311
27204311
82385847
34267821
34267821
94145021
94145021
94145021
8233522
18144506
37520316
37520316
15693423
15693423
15693423
